question_id,accepted_answer_id,number_of_linked_questions,view_count,answer_count,owner_reputation

35811301,35811477,3,9191,3,475

35807380,35824341,0,1769,1,63

35811301,35811477,3,9191,3,475

35807380,35824341,0,1769,1,63

35816227,-1,0,1027,1,1821

35808245,35853877,1,5442,2,1044

35806512,35806806,0,39,2,533

35818609,35818775,0,1832,1,173

35815395,35815506,0,948,1,273

35815274,35815401,0,57,1,259

35807246,-1,0,218,0,13

35817159,35825401,0,9330,3,41

35810463,-1,0,969,3,455

35813160,35814045,1,1644,3,41

35815863,35817806,0,659,1,43

35813741,35897881,0,223,1,11

35811854,35811950,0,47,1,525

35810179,35810850,1,1046,1,203

35806873,35806983,0,41,1,1721

35805939,35853066,0,766,1,913

35819312,-1,0,33,0,860

35818136,-1,1,37,0,21

35817991,-1,0,43,0,1

35811301,35811477,3,9191,3,475

35807380,35824341,0,1769,1,63

35816227,-1,0,1027,1,1821

35808245,35853877,1,5442,2,1044

35806512,35806806,0,39,2,533

35818609,35818775,0,1832,1,173

35815395,35815506,0,948,1,273

35815274,35815401,0,57,1,259

35807246,-1,0,218,0,13

35817159,35825401,0,9330,3,41

35811301,35811477,3,9191,3,475

35807380,35824341,0,1769,1,63

35816227,-1,0,1027,1,1821

35808245,35853877,1,5442,2,1044

35806512,35806806,0,39,2,533

35818609,35818775,0,1832,1,173

35815395,35815506,0,948,1,273

35815274,35815401,0,57,1,259

35807246,-1,0,218,0,13

35817159,35825401,0,9330,3,41

35811301,35811477,3,9191,3,475

35807380,35824341,0,1769,1,63

35816227,-1,0,1027,1,1821

35808245,35853877,1,5442,2,1044

35806512,35806806,0,39,2,533

35818609,35818775,0,1832,1,173

35815395,35815506,0,948,1,273

35815274,35815401,0,57,1,259

35807246,-1,0,218,0,13

35817159,35825401,0,9330,3,41

35811301,35811477,3,9191,3,475

35807380,35824341,0,1769,1,63

35816227,-1,0,1027,1,1821

35808245,35853877,1,5442,2,1044

35806512,35806806,0,39,2,533

35818609,35818775,0,1832,1,173

35815395,35815506,0,948,1,273

35815274,35815401,0,57,1,259

35807246,-1,0,218,0,13

35817159,35825401,0,9330,3,41

35810463,-1,0,969,3,455

35813160,35814045,1,1644,3,41

35815863,35817806,0,659,1,43

35813741,35897881,0,223,1,11

35811854,35811950,0,47,1,525

35810179,35810850,1,1046,1,203

35806873,35806983,0,41,1,1721

35805939,35853066,0,766,1,913

35819312,-1,0,33,0,860

35818136,-1,1,37,0,21

35817991,-1,0,43,0,1

35811301,35811477,3,9191,3,475

35807380,35824341,0,1769,1,63

35816227,-1,0,1027,1,1821

35808245,35853877,1,5442,2,1044

35806512,35806806,0,39,2,533

35818609,35818775,0,1832,1,173

35815395,35815506,0,948,1,273

35815274,35815401,0,57,1,259

35807246,-1,0,218,0,13

35817159,35825401,0,9330,3,41

35810463,-1,0,969,3,455

35813160,35814045,1,1644,3,41

35815863,35817806,0,659,1,43

35813741,35897881,0,223,1,11

35811854,35811950,0,47,1,525

35810179,35810850,1,1046,1,203

35806873,35806983,0,41,1,1721

35805939,35853066,0,766,1,913

35819312,-1,0,33,0,860

35818136,-1,1,37,0,21

35817991,-1,0,43,0,1

35811301,35811477,3,9191,3,475

35807380,35824341,0,1769,1,63

35816227,-1,0,1027,1,1821

35808245,35853877,1,5442,2,1044

35806512,35806806,0,39,2,533

35818609,35818775,0,1832,1,173

35815395,35815506,0,948,1,273

35815274,35815401,0,57,1,259

35807246,-1,0,218,0,13

35817159,35825401,0,9330,3,41

35810463,-1,0,969,3,455

35813160,35814045,1,1644,3,41

35815863,35817806,0,659,1,43

35813741,35897881,0,223,1,11

35811854,35811950,0,47,1,525

35810179,35810850,1,1046,1,203

35806873,35806983,0,41,1,1721

35805939,35853066,0,766,1,913

35819312,-1,0,33,0,860

35818136,-1,1,37,0,21

35817991,-1,0,43,0,1

35811301,35811477,3,9191,3,475

35807380,35824341,0,1769,1,63

35816227,-1,0,1027,1,1821

35808245,35853877,1,5442,2,1044

35806512,35806806,0,39,2,533

35818609,35818775,0,1832,1,173

35815395,35815506,0,948,1,273

35815274,35815401,0,57,1,259

35807246,-1,0,218,0,13

35817159,35825401,0,9330,3,41

35810463,-1,0,969,3,455

35813160,35814045,1,1644,3,41

35815863,35817806,0,659,1,43

35813741,35897881,0,223,1,11

35811854,35811950,0,47,1,525

35810179,35810850,1,1046,1,203

35806873,35806983,0,41,1,1721

35805939,35853066,0,766,1,913

35819312,-1,0,33,0,860

35818136,-1,1,37,0,21

35817991,-1,0,43,0,1

35811301,35811477,3,9191,3,475

35807380,35824341,0,1769,1,63

35816227,-1,0,1027,1,1821

35808245,35853877,1,5442,2,1044

35806512,35806806,0,39,2,533

35818609,35818775,0,1832,1,173

35815395,35815506,0,948,1,273

35815274,35815401,0,57,1,259

35807246,-1,0,218,0,13

35817159,35825401,0,9330,3,41

35810463,-1,0,969,3,455

35813160,35814045,1,1644,3,41

35815863,35817806,0,659,1,43

35813741,35897881,0,223,1,11

35811854,35811950,0,47,1,525

35810179,35810850,1,1046,1,203

35806873,35806983,0,41,1,1721

35805939,35853066,0,766,1,913

35819312,-1,0,33,0,860

35818136,-1,1,37,0,21

35817991,-1,0,43,0,1

35817707,-1,1,246,2,-1

35817465,35824680,0,366,2,169

35816532,35816597,0,31,1,250

35813582,-1,0,450,0,1767

35812873,35813498,0,791,1,99

35812676,-1,0,1736,3,2072

35812626,-1,0,15,0,182

35812451,35848738,1,2277,1,475

35811960,-1,0,48,1,75

35811690,-1,0,442,2,3634

35810875,-1,0,128,1,1

35809770,-1,0,57,0,59

35809251,-1,0,1824,2,93

35808236,-1,0,95,1,1

35806974,-1,0,36,0,35

35807224,35807906,0,132,2,3237

35816594,-1,0,402,1,1

35808714,35808940,0,747,1,99

35809012,-1,0,87,1,157

