id,score,owner_reputation,answer_count,is_answered,comment_count
66104277,3,33,1,True,0
67301968,2,3234,1,True,1
66578844,2,21,1,True,0
66192707,2,23,1,True,0
67587116,2,23,2,False,1
66054365,2,21,1,False,1
66547070,1,757,1,True,1
67636187,1,115,1,True,1
66238035,1,652,1,True,0
67387624,1,21,1,True,1
67071091,1,11,1,True,1
67070336,1,6648,1,True,0
66743020,1,515,1,True,1
66689903,1,185,1,True,0
66579316,1,33,1,True,1
66469039,1,21,1,True,1
66119557,1,11,1,True,1
65917048,1,11,2,True,1
67723140,1,11,1,False,1
67566396,1,402,0,False,1
67271509,1,85,1,False,0
66814278,1,21,0,False,0
66810259,1,141,1,False,1
66714185,1,3019,0,False,1
66676742,1,4082,1,False,1
66447442,1,934,0,False,1
66349270,1,11,1,False,0
66249990,1,11,0,False,1
66130306,1,11,0,False,1
66049654,1,119,1,False,1
66015014,1,13,1,True,0
66011876,1,13,1,True,1
66590892,1,-1,1,False,1
67770675,0,-1,1,True,0
67438027,0,-1,1,True,1
66870020,0,-1,1,True,1
66501478,0,-1,1,True,1
66450829,0,-1,1,True,1
65872532,0,-1,1,True,1
67602856,0,-1,1,True,1
