id,score,owner_reputation,answer_count,is_answered,comment_count
65526056,2,65,4,True,1
65532649,1,67,2,True,1
65530869,1,1637,1,True,1
65532412,1,27,1,True,1
65532171,1,11,1,False,1
65531675,1,632,0,False,1
65526660,1,11,0,False,0
65532857,0,1637,1,True,1
65531364,0,33,1,True,1
65532944,0,115,0,False,0
65532166,0,27,0,False,1
65531785,0,434,0,False,1
65531740,0,11,2,False,1
65531729,0,9,2,False,0
65531616,0,3,1,True,1
65531019,0,1217,0,False,1
65530381,0,745,0,False,0
65530286,0,131,0,False,0
65529987,0,1,0,False,1
65529954,0,1,1,False,1
